8 3 5 0
3 0 0 9
1 1 0 4
0 9 9 0
5 1 3 5
6 6 2 3
4 9 0 0
9 1 9 3
6 3 0 7
2 1 7 8
1 5 4 5
0 1 3 1
5 5 6 0
1 2 8 1
3 0 1 7
0 0 8 3
1 1 5 3
4 3 4 5
1 7 1 2
6 1 1 1
0 5 9 4
2 8 1 5
0 8 1 5
0 4 1 8
7 7 9 6
8 5 6 1
3 8 6 4
4 3 6 6
1 3 3 1
9 5 8 0
0 1 7 9
7 5 7 7
9 4 0 5
6 9 6 0
2 4 7 3
4 0 6 8
1 8 7 1
4 6 4 1
9 5 8 4
8 5 4 4
6 1 3 1
2 4 5 1
7 1 0 0
0 6 2 0
4 0 6 1
5 1 1 8
2 4 0 7
3 8 4 5
0 3 2 3
0 7 7 8
6 4 3 1
7 6 1 5
7 1 1 3
9 7 4 6
6 0 2 0
3 8 1 8
8 0 0 5
1 5 9 8
9 7 2 1
6 0 0 1
5 0 6 5
7 3 9 9
1 5 6 8
3 8 5 1
